1.5 	 2.7e-07 	 1.62e-08 	 0.00266933525125 	 0.00137195122353 	 0.183085673183 	 0.178596608251 	 2139594.22827
1.5 	 4.4e-07 	 2.64e-08 	 0.0043024409294 	 0.00222850654838 	 0.157142749853 	 0.204071692535 	 5373906.12893
1.5 	 7.1e-07 	 4.26e-08 	 0.0068317430188 	 0.00353021843603 	 0.169299423009 	 0.18522357225 	 13882835.9457
1.5 	 1.1e-06 	 6.6e-08 	 0.0104316592628 	 0.00541911096877 	 0.173771409248 	 0.189939195297 	 33763265.4055
1.5 	 1.9e-06 	 1.14e-07 	 0.0176076924344 	 0.00887085812158 	 0.198716622146 	 0.200367017601 	 108271082.64
1.5 	 3e-06 	 1.8e-07 	 0.0264774182767 	 0.0131969951134 	 0.176970490369 	 0.197299758332 	 236179334.823
1.5 	 4.9e-06 	 2.94e-07 	 0.0405056195696 	 0.0198130872915 	 0.20953877803 	 0.200779310012 	 659677224.766
1.7 	 1.6e-07 	 9.6e-09 	 0.00280462261049 	 0.00146981299748 	 0.164707468682 	 0.194081620831 	 1291171.93284
1.7 	 2.7e-07 	 1.62e-08 	 0.00469171242119 	 0.00248025432184 	 0.187161408715 	 0.186901813289 	 3912314.19957
1.7 	 4.4e-07 	 2.64e-08 	 0.00758020510414 	 0.00394976407488 	 0.163699793362 	 0.196895717438 	 9592242.9313
1.7 	 7.1e-07 	 4.26e-08 	 0.0119636682286 	 0.00624726647224 	 0.182832735173 	 0.216023342436 	 27120991.9059
1.7 	 1.1e-06 	 6.6e-08 	 0.017961402418 	 0.00930110422578 	 0.207368382436 	 0.191260207549 	 65382270.1135
1.7 	 1.9e-06 	 1.14e-07 	 0.0294674887964 	 0.0149319869402 	 0.191909423142 	 0.203470383703 	 178386636.833
1.7 	 3e-06 	 1.8e-07 	 0.0431128359873 	 0.021383412332 	 0.204788079815 	 0.198270851756 	 423425953.668
0.11 	 2.7e-07 	 1.62e-08 	 1.37628608971e-10 	 5.74475102187e-11 	 0.215086690748 	 0.234477071386 	 0.125598552726
0.11 	 4.4e-07 	 2.64e-08 	 2.29126605337e-10 	 9.56313567256e-11 	 0.207064631328 	 0.184350411117 	 0.309230203342
0.11 	 7.1e-07 	 4.26e-08 	 3.71323530562e-10 	 1.5298832736e-10 	 0.218100568587 	 0.186699521041 	 0.840019589472
0.11 	 1.1e-06 	 6.6e-08 	 5.83399186684e-10 	 2.37515895617e-10 	 0.197048268163 	 0.217745762406 	 1.9801094444
0.11 	 1.9e-06 	 1.14e-07 	 9.98798527883e-10 	 4.01746429991e-10 	 0.188693824785 	 0.176660735654 	 5.32370745151
0.11 	 3e-06 	 1.8e-07 	 1.5232031079e-09 	 6.41187233383e-10 	 0.237800910959 	 0.205402711541 	 16.0030301284
0.11 	 4.9e-06 	 2.94e-07 	 2.51330040082e-09 	 1.05295282815e-09 	 0.20272121766 	 0.209746125209 	 38.6502327792
0.13 	 1.6e-07 	 9.6e-09 	 1.53957651667e-10 	 6.25024983716e-11 	 0.10188466476 	 0.11251640705 	 0.0392575339165
0.13 	 2.7e-07 	 1.62e-08 	 2.59594521714e-10 	 1.10442420497e-10 	 0.0800541178509 	 0.0931261084402 	 0.0905904483931
0.13 	 4.4e-07 	 2.64e-08 	 4.42003588219e-10 	 1.92853593547e-10 	 0.0858843762119 	 0.0786163064277 	 0.252438783681
0.13 	 7.1e-07 	 4.26e-08 	 7.0809058016e-10 	 2.90506888164e-10 	 0.0987255107493 	 0.0977494114298 	 0.753791096275
0.13 	 1.1e-06 	 6.6e-08 	 1.04462718187e-09 	 4.2755305048e-10 	 0.112081032502 	 0.0943594013676 	 1.87022733108
0.13 	 1.9e-06 	 1.14e-07 	 1.78071512124e-09 	 7.54412240708e-10 	 0.0924598778406 	 0.0801067929629 	 4.61860564391
0.13 	 3e-06 	 1.8e-07 	 2.84380904796e-09 	 1.20156232749e-09 	 0.107662248009 	 0.0749691027575 	 12.8385299573
0.14 	 1.6e-07 	 9.6e-09 	 2.71348579802e-10 	 1.13584987122e-10 	 0.0582440180571 	 0.0507496442881 	 0.0372709369866
0.14 	 2.7e-07 	 1.62e-08 	 4.55109836565e-10 	 1.92239990195e-10 	 0.0542728117893 	 0.0516762931378 	 0.100993737159
0.14 	 4.4e-07 	 2.64e-08 	 7.29814883502e-10 	 3.05303681353e-10 	 0.0577959792904 	 0.058228732399 	 0.284919523834
0.14 	 7.1e-07 	 4.26e-08 	 1.17255296576e-09 	 4.94623916171e-10 	 0.056049681198 	 0.0556016424312 	 0.714834899828
0.14 	 1.1e-06 	 6.6e-08 	 1.83711348713e-09 	 7.73772123785e-10 	 0.0561108238304 	 0.0595422773829 	 1.77195077523
0.14 	 1.9e-06 	 1.14e-07 	 3.24705761436e-09 	 1.42008897269e-09 	 0.0596034200154 	 0.0600056018077 	 5.71993014135
0.16 	 1e-07 	 6e-09 	 1.23163645693e-09 	 5.10784672061e-10 	 0.0359235974981 	 0.0407044705107 	 0.070238914521
0.16 	 1.6e-07 	 9.6e-09 	 2.10253620952e-09 	 8.88178207007e-10 	 0.0426881129742 	 0.0389744591357 	 0.214910614331
0.16 	 2.7e-07 	 1.62e-08 	 3.29632224133e-09 	 1.36674071319e-09 	 0.0459681465591 	 0.044475359423 	 0.619102107956
0.16 	 4.4e-07 	 2.64e-08 	 5.63586918049e-09 	 2.43859752141e-09 	 0.0427413219021 	 0.0432044377022 	 1.64534546976
0.16 	 7.1e-07 	 4.26e-08 	 8.63117693219e-09 	 3.69099174787e-09 	 0.0462236042806 	 0.0473397039707 	 4.39908991438
0.16 	 1.1e-06 	 6.6e-08 	 1.36771063554e-08 	 5.69558594014e-09 	 0.0414586946236 	 0.042046461762 	 9.58138884053
0.18 	 6.2e-08 	 3.72e-09 	 2.63277792059e-09 	 1.05612274816e-09 	 0.0523784485375 	 0.0524570071244 	 0.129434926359
0.18 	 1e-07 	 6e-09 	 4.18669382674e-09 	 1.81677995377e-09 	 0.056930311338 	 0.0448148537524 	 0.345349991839
0.18 	 1.6e-07 	 9.6e-09 	 6.98670025383e-09 	 3.01820311397e-09 	 0.0512177091606 	 0.0397512257825 	 0.825673055099
0.18 	 2.7e-07 	 1.62e-08 	 1.12693523003e-08 	 4.71101340257e-09 	 0.0397343320962 	 0.0477289843897 	 1.96139512183
0.18 	 4.4e-07 	 2.64e-08 	 1.78604374583e-08 	 7.95970227839e-09 	 0.0544999788156 	 0.0494172185587 	 6.49474757839
0.18 	 7.1e-07 	 4.26e-08 	 3.10809771619e-08 	 1.4108399593e-08 	 0.0507704742875 	 0.0444181208851 	 16.9053677728
0.21 	 3.8e-08 	 2.28e-09 	 5.82294712365e-09 	 2.48407598021e-09 	 0.0480465410132 	 0.0500676164472 	 0.165860792483
0.21 	 6.2e-08 	 3.72e-09 	 8.79754166816e-09 	 3.91509630113e-09 	 0.048778001827 	 0.0501800373908 	 0.418892507696
0.21 	 1e-07 	 6e-09 	 1.40805598996e-08 	 5.59735416032e-09 	 0.0516611475572 	 0.0546465943614 	 1.11595776296
0.21 	 1.6e-07 	 9.6e-09 	 2.24794370319e-08 	 9.81765910723e-09 	 0.0579972060597 	 0.0537899683427 	 3.16541280537
0.21 	 2.7e-07 	 1.62e-08 	 3.85551089067e-08 	 1.5581153694e-08 	 0.0571692507897 	 0.0415972928819 	 8.31730826953
0.21 	 4.4e-07 	 2.64e-08 	 6.27459117146e-08 	 2.67003743831e-08 	 0.0497803951302 	 0.0441943483207 	 20.4503361816
0.23 	 3.8e-08 	 2.28e-09 	 1.00467737155e-08 	 4.16344195471e-09 	 0.0401181262184 	 0.0605404131512 	 0.268858880844
0.23 	 6.2e-08 	 3.72e-09 	 1.62386383237e-08 	 6.46506654356e-09 	 0.0549181894412 	 0.0645613469797 	 0.876633637454
0.23 	 1e-07 	 6e-09 	 2.63892727225e-08 	 1.15616492075e-08 	 0.0532467326483 	 0.0556233811498 	 2.21209981563
0.23 	 1.6e-07 	 9.6e-09 	 4.07410573235e-08 	 1.78575139774e-08 	 0.0619469616958 	 0.0484748886498 	 5.85692764257
0.23 	 2.7e-07 	 1.62e-08 	 6.86044741373e-08 	 2.88192242669e-08 	 0.0572583673772 	 0.0533155818751 	 15.9350473974
0.26 	 2.4e-08 	 1.44e-09 	 1.49767357852e-08 	 6.23512915036e-09 	 0.0913655738692 	 0.09025456202 	 0.500542911152
0.26 	 3.8e-08 	 2.28e-09 	 2.29648193894e-08 	 9.44870157409e-09 	 0.0912394321024 	 0.0837418858214 	 1.18463977847
0.26 	 6.2e-08 	 3.72e-09 	 3.6544436892e-08 	 1.49485969802e-08 	 0.0911195328331 	 0.0924041796194 	 3.15463616469
0.26 	 1e-07 	 6e-09 	 6.06141797232e-08 	 2.70687779561e-08 	 0.084486000685 	 0.0884482603956 	 8.11645482693
0.26 	 1.6e-07 	 9.6e-09 	 9.71573118472e-08 	 4.07176792593e-08 	 0.0934016125522 	 0.0996540834339 	 22.6926707395
0.29 	 1.5e-08 	 9e-10 	 1.88747458035e-08 	 7.51350690185e-09 	 0.106265589522 	 0.119593618635 	 0.470497161965
0.29 	 2.4e-08 	 1.44e-09 	 2.93575985898e-08 	 1.18750973381e-08 	 0.107391903909 	 0.120222619498 	 1.18724582706
0.29 	 3.8e-08 	 2.28e-09 	 4.5594598053e-08 	 1.94206355746e-08 	 0.103715008968 	 0.108264389657 	 2.80360959826
0.29 	 6.2e-08 	 3.72e-09 	 7.77987290179e-08 	 3.20006614137e-08 	 0.102087785827 	 0.105088355369 	 7.56995982035
0.29 	 1e-07 	 6e-09 	 1.16333499342e-07 	 4.73440025554e-08 	 0.115285743815 	 0.107378440174 	 19.9749446802
0.29 	 1.6e-07 	 9.6e-09 	 1.8988249511e-07 	 7.59072324386e-08 	 0.101922606313 	 0.110046208545 	 47.8770426878
0.33 	 1.5e-08 	 9e-10 	 3.89588488703e-08 	 1.60799963518e-08 	 0.123492229105 	 0.128938172836 	 1.11527935115
0.33 	 2.4e-08 	 1.44e-09 	 6.11487848313e-08 	 2.6081131605e-08 	 0.122825034709 	 0.126332578322 	 2.80078513876
0.33 	 3.8e-08 	 2.28e-09 	 9.10793506425e-08 	 3.64238443224e-08 	 0.134130970553 	 0.138201375347 	 7.07955885755
0.33 	 6.2e-08 	 3.72e-09 	 1.61519292943e-07 	 6.38095797365e-08 	 0.114269299173 	 0.135374489037 	 18.142735438
0.33 	 1e-07 	 6e-09 	 2.45118912031e-07 	 9.80594479684e-08 	 0.123740439779 	 0.140114491084 	 47.5963253506
0.37 	 9e-09 	 5.4e-10 	 4.25228629758e-08 	 1.71419411103e-08 	 0.13266561069 	 0.146330748229 	 0.792152264343
0.37 	 1.5e-08 	 9e-10 	 7.31130762233e-08 	 2.96639436489e-08 	 0.127921911207 	 0.117875792246 	 2.08160689916
0.37 	 2.4e-08 	 1.44e-09 	 1.13243597434e-07 	 4.48759193182e-08 	 0.149651215967 	 0.13458216545 	 5.95811128592
0.37 	 3.8e-08 	 2.28e-09 	 1.79624558306e-07 	 7.31901150624e-08 	 0.137466740466 	 0.133618216617 	 14.1472822005
0.37 	 6.2e-08 	 3.72e-09 	 2.89049196277e-07 	 1.16439480171e-07 	 0.133869491375 	 0.144493120453 	 37.1759058945
0.42 	 5.5e-09 	 3.3e-10 	 5.14140566827e-08 	 2.06371186544e-08 	 0.10917836311 	 0.139213769313 	 0.504084653332
0.42 	 9e-09 	 5.4e-10 	 8.227002666e-08 	 3.39502139948e-08 	 0.129855032971 	 0.136713961697 	 1.48955552123
0.42 	 1.5e-08 	 9e-10 	 1.38056412936e-07 	 5.75608557597e-08 	 0.130062220897 	 0.1381748499 	 4.1973205774
0.42 	 2.4e-08 	 1.44e-09 	 2.2421123168e-07 	 9.27469930195e-08 	 0.147912678615 	 0.146811072246 	 12.1253680545
0.42 	 3.8e-08 	 2.28e-09 	 3.47905534155e-07 	 1.39066569494e-07 	 0.116057906125 	 0.161284257871 	 25.7757614489
0.48 	 3.4e-09 	 2.04e-10 	 6.26870528969e-08 	 2.52120452832e-08 	 0.123424809368 	 0.138227764695 	 0.412077062191
0.48 	 5.5e-09 	 3.3e-10 	 9.98931858016e-08 	 4.1823347787e-08 	 0.165161331451 	 0.14381791286 	 1.33729822655
0.48 	 9e-09 	 5.4e-10 	 1.6804428918e-07 	 6.82079559131e-08 	 0.150411794624 	 0.159423180747 	 3.51375787687
0.48 	 1.5e-08 	 9e-10 	 2.79135158778e-07 	 1.1797355367e-07 	 0.144412664849 	 0.156238996877 	 9.51632093415
0.48 	 2.4e-08 	 1.44e-09 	 4.41253495873e-07 	 1.83168182026e-07 	 0.111139050613 	 0.148959525154 	 19.7834762955
0.54 	 3.4e-09 	 2.04e-10 	 1.1421977637e-07 	 4.76682101982e-08 	 0.127665678607 	 0.176436264809 	 0.844278953132
0.54 	 5.5e-09 	 3.3e-10 	 1.87418551125e-07 	 7.75370199997e-08 	 0.151557548366 	 0.147404440511 	 2.36613943242
0.54 	 9e-09 	 5.4e-10 	 3.24875268688e-07 	 1.37406992572e-07 	 0.140339434089 	 0.14814410795 	 6.41022799621
0.54 	 1.5e-08 	 9e-10 	 5.08421674024e-07 	 2.06052910129e-07 	 0.133174063261 	 0.161363144686 	 16.3551839683
0.6 	 2.1e-09 	 1.26e-10 	 1.25629935493e-07 	 5.38860800146e-08 	 0.150436867154 	 0.13764576048 	 0.596859680122
0.6 	 3.4e-09 	 2.04e-10 	 2.01560812175e-07 	 8.61808082254e-08 	 0.164447447507 	 0.146114138555 	 1.67951388766
0.6 	 5.5e-09 	 3.3e-10 	 3.24624698837e-07 	 1.42413925221e-07 	 0.148341140297 	 0.162714102809 	 4.2368803526
0.6 	 9e-09 	 5.4e-10 	 5.41147303424e-07 	 2.27095210232e-07 	 0.121110007432 	 0.131557049487 	 9.27427285172
0.68 	 1.3e-09 	 7.8e-11 	 1.57340106744e-07 	 7.00465217333e-08 	 0.145031232143 	 0.124372108289 	 0.442696126387
0.68 	 2.1e-09 	 1.26e-10 	 2.54547912792e-07 	 1.11170517835e-07 	 0.136662335107 	 0.137803208687 	 1.13642145805
0.68 	 3.4e-09 	 2.04e-10 	 4.02528792286e-07 	 1.74354766431e-07 	 0.119794067503 	 0.142115330599 	 2.68052499071
0.68 	 5.5e-09 	 3.3e-10 	 6.60323667885e-07 	 2.83403278796e-07 	 0.121901839521 	 0.13141997964 	 6.99372766167
0.77 	 1.3e-09 	 7.8e-11 	 3.07260683727e-07 	 1.37970078057e-07 	 0.12843791772 	 0.130992997684 	 0.807819992891
0.77 	 2.1e-09 	 1.26e-10 	 4.91810326175e-07 	 2.19356549948e-07 	 0.131959346814 	 0.113785229153 	 2.03799088661
0.77 	 3.4e-09 	 2.04e-10 	 7.94284991464e-07 	 3.53479855337e-07 	 0.130215327748 	 0.115267522411 	 5.29402623079
0.77 	 5.5e-09 	 3.3e-10 	 1.29450917993e-06 	 5.88975852221e-07 	 0.13052347752 	 0.122470651832 	 14.321108125
0.87 	 7.9e-10 	 4.74e-11 	 3.90200083162e-07 	 1.83854581768e-07 	 0.11326983098 	 0.141599687897 	 0.599216428117
0.87 	 1.3e-09 	 7.8e-11 	 6.2945609467e-07 	 2.92814046111e-07 	 0.145747108634 	 0.13097354453 	 1.82649588242
0.87 	 2.1e-09 	 1.26e-10 	 1.02182860223e-06 	 4.73484802352e-07 	 0.142527765556 	 0.138155701406 	 4.78669502272
0.87 	 3.4e-09 	 2.04e-10 	 1.66681494574e-06 	 7.7217002357e-07 	 0.146760847063 	 0.155617344655 	 13.3949500727
0.98 	 4.9e-10 	 2.94e-11 	 5.2086062563e-07 	 2.52241051874e-07 	 0.156313227025 	 0.145692550586 	 0.625340015014
0.98 	 7.9e-10 	 4.74e-11 	 8.42222150402e-07 	 4.01018113894e-07 	 0.162970827259 	 0.149474033231 	 1.68250558343
0.98 	 1.3e-09 	 7.8e-11 	 1.3728499809e-06 	 6.50192655641e-07 	 0.151596904303 	 0.16075708783 	 4.38950610577
0.98 	 2.1e-09 	 1.26e-10 	 2.24645889638e-06 	 1.07915541191e-06 	 0.151591137661 	 0.159657669505 	 11.6311816686
1.1 	 3e-10 	 1.8e-11 	 6.29459413991e-07 	 3.06352725711e-07 	 0.18365883685 	 0.191367672948 	 0.564511006205
1.1 	 4.9e-10 	 2.94e-11 	 1.0138060658e-06 	 5.04440228114e-07 	 0.174715370751 	 0.181778078581 	 1.42261490441
1.1 	 7.9e-10 	 4.74e-11 	 1.65883125627e-06 	 8.00674662832e-07 	 0.178010603298 	 0.202055696997 	 3.89972490674
1.1 	 1.3e-09 	 7.8e-11 	 2.72132966887e-06 	 1.35345155397e-06 	 0.17910359545 	 0.180242483226 	 10.2681455355
1.2 	 3e-10 	 1.8e-11 	 9.89805620129e-07 	 4.94644223485e-07 	 0.18748863782 	 0.178830162032 	 0.887872149551
1.2 	 4.9e-10 	 2.94e-11 	 1.64536343539e-06 	 8.43521815708e-07 	 0.166809830214 	 0.181105256691 	 2.26089602811
1.2 	 7.9e-10 	 4.74e-11 	 2.58433451081e-06 	 1.29758274045e-06 	 0.18730741163 	 0.204964710728 	 6.39920202966
1.4 	 1.8e-10 	 1.08e-11 	 1.29915936112e-06 	 6.6643134951e-07 	 0.175789512562 	 0.182149969767 	 0.679951015698
1.4 	 3e-10 	 1.8e-11 	 2.13432384778e-06 	 1.10197223406e-06 	 0.173909092932 	 0.201486910839 	 1.92200463034
1.4 	 4.9e-10 	 2.94e-11 	 3.51402629945e-06 	 1.81421634399e-06 	 0.189463764959 	 0.185495672635 	 5.30422417016
1.6 	 1.1e-10 	 6.6e-12 	 1.49247449887e-06 	 7.80413157387e-07 	 0.1780079075 	 0.183074522127 	 0.485352681727
1.6 	 1.8e-10 	 1.08e-11 	 2.42511676879e-06 	 1.26521480694e-06 	 0.182616927338 	 0.198256212259 	 1.34856070833
1.6 	 3e-10 	 1.8e-11 	 4.0009431448e-06 	 2.1123083442e-06 	 0.177493209959 	 0.201969184525 	 3.68310705062
0.0064 	 2.7e-07 	 1.62e-08 	 2.28390859057e-19 	 4.32740581757e-19 	 0.0058914022319 	 0.0294570111595 	 4.1094565617e-11
0.0064 	 4.4e-07 	 2.64e-08 	 1.04543292191e-18 	 9.97913239814e-19 	 0.0230300269065 	 0.0176742066957 	 1.98223374977e-10
0.0064 	 7.1e-07 	 4.26e-08 	 2.93374247116e-18 	 1.90329574751e-18 	 0.01981653478 	 0.0273146830752 	 8.44434894942e-10
0.0064 	 1.1e-06 	 6.6e-08 	 1.09950110605e-17 	 5.13339280087e-18 	 0.0144607145692 	 0.013389550527 	 2.70542692229e-09
0.0064 	 1.9e-06 	 1.14e-07 	 2.84811058293e-17 	 1.32143690005e-17 	 0.0230300269065 	 0.0224944448854 	 1.955905925e-08
0.0064 	 3e-06 	 1.8e-07 	 4.25740449377e-17 	 1.69982958336e-17 	 0.0294570111595 	 0.0224944448854 	 5.30216715977e-08
0.0064 	 4.9e-06 	 2.94e-07 	 4.65550016587e-17 	 2.39456680989e-17 	 0.0283858471173 	 0.0230300269065 	 9.91177068296e-08
0.0076 	 2.7e-07 	 1.62e-08 	 5.91412135318e-18 	 3.95476813074e-18 	 0.0209109026771 	 0.0275143456277 	 6.77918892036e-10
0.0076 	 4.4e-07 	 2.64e-08 	 1.21293977557e-17 	 7.97142590315e-18 	 0.0225617634147 	 0.0231120503273 	 2.1759246393e-09
0.0076 	 7.1e-07 	 4.26e-08 	 2.92889333062e-17 	 1.69356953169e-17 	 0.0225617634147 	 0.0291652063654 	 8.85456957538e-09
0.0076 	 1.1e-06 	 6.6e-08 	 3.61128207464e-17 	 1.49704056019e-17 	 0.030816067103 	 0.0269640587152 	 1.80162338761e-08
0.0076 	 1.9e-06 	 1.14e-07 	 6.16310477823e-17 	 2.42803523591e-17 	 0.0236623372398 	 0.0214611895896 	 4.06176959858e-08
0.0076 	 3e-06 	 1.8e-07 	 9.3376180691e-17 	 3.69842438546e-17 	 0.0236623372398 	 0.019810328852 	 9.53262662292e-08
0.0076 	 4.9e-06 	 2.94e-07 	 1.37497979911e-16 	 6.37106478374e-17 	 0.0275143456277 	 0.0247629110649 	 2.83695020335e-07
0.0086 	 2.7e-07 	 1.62e-08 	 1.95677511757e-17 	 1.29086949826e-17 	 0.018981850554 	 0.0295893552753 	 2.19689133583e-09
0.0086 	 4.4e-07 	 2.64e-08 	 4.03159516084e-17 	 1.50293808924e-17 	 0.0245647477758 	 0.0318225141641 	 6.97890062514e-09
0.0086 	 7.1e-07 	 4.26e-08 	 5.28998906672e-17 	 1.67840328233e-17 	 0.0256813272201 	 0.0267979066645 	 1.38661697502e-08
0.0086 	 1.1e-06 	 6.6e-08 	 6.19838284599e-17 	 3.16661750619e-17 	 0.0245647477758 	 0.018981850554 	 2.52295526134e-08
0.0086 	 1.9e-06 	 1.14e-07 	 1.14896235323e-16 	 5.40324799784e-17 	 0.0273561963866 	 0.0262396169423 	 9.35899871817e-08
0.0086 	 3e-06 	 1.8e-07 	 1.8996705881e-16 	 7.81293730891e-17 	 0.0295893552753 	 0.0245647477758 	 2.44303488857e-07
0.0096 	 1.6e-07 	 9.6e-09 	 3.40193510723e-17 	 1.21497682584e-17 	 0.0191756856075 	 0.0231236208797 	 1.61272687516e-09
0.0096 	 2.7e-07 	 1.62e-08 	 3.49911261248e-17 	 1.42027745115e-17 	 0.0281995376581 	 0.0332754544366 	 4.25542772715e-09
0.0096 	 4.4e-07 	 2.64e-08 	 5.44652909781e-17 	 1.85797307564e-17 	 0.0270715561518 	 0.0259435746455 	 9.29721583999e-09
0.0096 	 7.1e-07 	 4.26e-08 	 9.09019314129e-17 	 4.15592868246e-17 	 0.0231236208797 	 0.0253795838923 	 2.42058762293e-08
0.0096 	 1.1e-06 	 6.6e-08 	 1.41166283832e-16 	 5.90478261414e-17 	 0.0231236208797 	 0.0225596301265 	 5.46049082208e-08
0.0096 	 1.9e-06 	 1.14e-07 	 2.38667149932e-16 	 1.04792522036e-16 	 0.0287635284113 	 0.0219956393734 	 1.88166099126e-07
0.0096 	 3e-06 	 1.8e-07 	 3.77209044165e-16 	 1.60757162999e-16 	 0.0203036671139 	 0.031019491424 	 4.09708766651e-07
0.011 	 1.6e-07 	 9.6e-09 	 4.99223164213e-17 	 1.88347644991e-17 	 0.0284783640928 	 0.0284783640928 	 3.38357811065e-09
0.011 	 2.7e-07 	 1.62e-08 	 7.5849085596e-17 	 3.8140227449e-17 	 0.0244913931198 	 0.0233522585561 	 8.01407261868e-09
0.011 	 4.4e-07 	 2.64e-08 	 1.17623043123e-16 	 5.47777352043e-17 	 0.0262000949653 	 0.0210739894286 	 2.01300437252e-08
0.011 	 7.1e-07 	 4.26e-08 	 2.01427792354e-16 	 8.52607572492e-17 	 0.0216435567105 	 0.0222131239923 	 4.79520037771e-08
0.011 	 1.1e-06 	 6.6e-08 	 3.1229641878e-16 	 1.40516476131e-16 	 0.0318957677839 	 0.0256305276835 	 1.61121852357e-07
0.011 	 1.9e-06 	 1.14e-07 	 5.54987898594e-16 	 2.29916322466e-16 	 0.031326200502 	 0.027339229529 	 4.85737072595e-07
0.012 	 1.6e-07 	 9.6e-09 	 7.47436034938e-17 	 3.81257681182e-17 	 0.0269044521474 	 0.0200352303225 	 4.79484446225e-09
0.012 	 2.7e-07 	 1.62e-08 	 1.32849264332e-16 	 5.28628618823e-17 	 0.0280493224515 	 0.0297666279077 	 1.54544529741e-08
0.012 	 4.4e-07 	 2.64e-08 	 2.26025663046e-16 	 9.11146243407e-17 	 0.0206076654746 	 0.0228974060829 	 3.20481998797e-08
0.012 	 7.1e-07 	 4.26e-08 	 3.45917327034e-16 	 1.50700799813e-16 	 0.0263320169953 	 0.0194627951704 	 9.23362136342e-08
0.012 	 1.1e-06 	 6.6e-08 	 5.21057590234e-16 	 2.19570105801e-16 	 0.0360634145805 	 0.0291941927557 	 2.99391300122e-07
0.012 	 1.9e-06 	 1.14e-07 	 9.06619623008e-16 	 3.7774005407e-16 	 0.0246147115391 	 0.0291941927557 	 6.84218807073e-07
0.014 	 1e-07 	 6e-09 	 1.13163203649e-16 	 5.00515678712e-17 	 0.0311290276638 	 0.0230585390102 	 5.05091864938e-09
0.014 	 1.6e-07 	 9.6e-09 	 1.89027901432e-16 	 7.92916070443e-17 	 0.0265173198617 	 0.029399637238 	 1.26898406925e-08
0.014 	 2.7e-07 	 1.62e-08 	 3.37632789966e-16 	 1.39173256916e-16 	 0.0328584180895 	 0.0236350024855 	 4.19421100094e-08
0.014 	 4.4e-07 	 2.64e-08 	 5.41486893101e-16 	 2.33931398113e-16 	 0.0265173198617 	 0.0322819546143 	 1.04118904718e-07
0.014 	 7.1e-07 	 4.26e-08 	 8.50389014498e-16 	 3.62709812761e-16 	 0.024787929436 	 0.0276702468122 	 2.38594826628e-07
0.014 	 1.1e-06 	 6.6e-08 	 1.33314278606e-15 	 5.76397491167e-16 	 0.0265173198617 	 0.0224820755349 	 5.73922629094e-07
0.015 	 1e-07 	 6e-09 	 1.85881232948e-16 	 7.999090256e-17 	 0.0312070720671 	 0.0288954370992 	 8.76115561602e-09
0.015 	 1.6e-07 	 9.6e-09 	 2.95312119373e-16 	 1.23997927462e-16 	 0.0254279846473 	 0.0248500759053 	 1.83004703086e-08
0.015 	 2.7e-07 	 1.62e-08 	 5.04467844978e-16 	 2.20199221587e-16 	 0.0294733458411 	 0.0260058933892 	 6.00545322749e-08
0.015 	 4.4e-07 	 2.64e-08 	 8.22940989449e-16 	 3.47430641356e-16 	 0.0271617108732 	 0.0190709884854 	 1.37705028826e-07
0.015 	 7.1e-07 	 4.26e-08 	 1.30893660845e-15 	 5.39549095143e-16 	 0.0265838021312 	 0.0236942584213 	 3.64849018414e-07
0.015 	 1.1e-06 	 6.6e-08 	 2.00790306631e-15 	 8.56228234724e-16 	 0.0242721671633 	 0.0231163496793 	 8.14124878209e-07
0.017 	 1e-07 	 6e-09 	 3.98003347132e-16 	 1.59076516149e-16 	 0.0214629427758 	 0.0226231018448 	 1.31124174732e-08
0.017 	 1.6e-07 	 9.6e-09 	 6.4995959193e-16 	 2.75551455935e-16 	 0.0255234995172 	 0.0255234995172 	 4.08193011936e-08
0.017 	 2.7e-07 	 1.62e-08 	 1.06639094928e-15 	 4.52241710403e-16 	 0.0266836585861 	 0.0261035790517 	 1.17399149247e-07
0.017 	 4.4e-07 	 2.64e-08 	 1.72284187963e-15 	 7.12479331162e-16 	 0.0191426246379 	 0.0191426246379 	 2.21530825981e-07
0.017 	 7.1e-07 	 4.26e-08 	 2.84839137576e-15 	 1.1772052152e-15 	 0.0266836585861 	 0.0255234995172 	 8.13205967148e-07
0.017 	 1.1e-06 	 6.6e-08 	 4.30492502114e-15 	 1.8462906596e-15 	 0.0261035790517 	 0.0307442153275 	 2.00934409338e-06
0.02 	 6.2e-08 	 3.72e-09 	 6.40814813296e-16 	 2.80530798429e-16 	 0.02736370466 	 0.0261992916957 	 1.66628456818e-08
0.02 	 1e-07 	 6e-09 	 1.02807976968e-15 	 4.33732141365e-16 	 0.02736370466 	 0.0232882592851 	 4.12915727731e-08
0.02 	 1.6e-07 	 9.6e-09 	 1.67947981968e-15 	 7.22294236082e-16 	 0.0296925305885 	 0.0186306074281 	 1.09425230689e-07
0.02 	 2.7e-07 	 1.62e-08 	 2.79143471316e-15 	 1.2216770842e-15 	 0.0285281176242 	 0.0232882592851 	 3.15176182325e-07
0.02 	 4.4e-07 	 2.64e-08 	 4.5663866137e-15 	 1.96031736683e-15 	 0.0261992916957 	 0.0250348787315 	 8.01721336403e-07
0.02 	 7.1e-07 	 4.26e-08 	 7.44548965759e-15 	 3.08606140035e-15 	 0.0296925305885 	 0.02736370466 	 2.3427388783e-06
0.022 	 6.2e-08 	 3.72e-09 	 1.13857871801e-15 	 4.88150517733e-16 	 0.0262426798857 	 0.0268258505498 	 2.87756647056e-08
0.022 	 1e-07 	 6e-09 	 1.83999629432e-15 	 7.84579609597e-16 	 0.027409021214 	 0.0227436559009 	 7.37388426228e-08
0.022 	 1.6e-07 	 9.6e-09 	 2.97957152285e-15 	 1.25811549301e-15 	 0.0233268265651 	 0.0285753625422 	 1.82226334149e-07
0.022 	 2.7e-07 	 1.62e-08 	 5.02187601525e-15 	 2.07922947785e-15 	 0.0285753625422 	 0.0198278025803 	 5.38668245883e-07
0.022 	 4.4e-07 	 2.64e-08 	 8.2097181311e-15 	 3.44222243556e-15 	 0.0268258505498 	 0.0221604852368 	 1.40903448574e-06
0.022 	 7.1e-07 	 4.26e-08 	 1.31095188035e-14 	 5.45159137575e-15 	 0.0262426798857 	 0.0209941439086 	 3.51562770174e-06
0.025 	 3.8e-08 	 2.28e-09 	 1.51441827159e-15 	 6.29994435767e-16 	 0.0221999306046 	 0.0245367654051 	 2.01416137496e-08
0.025 	 6.2e-08 	 3.72e-09 	 2.47303090469e-15 	 1.02805299883e-15 	 0.0292104350061 	 0.0227841393047 	 6.40550148912e-08
0.025 	 1e-07 	 6e-09 	 3.97774099183e-15 	 1.695648545e-15 	 0.023952556705 	 0.0233683480048 	 1.45693697715e-07
0.025 	 1.6e-07 	 9.6e-09 	 6.48322695538e-15 	 2.7201301901e-15 	 0.0251209741052 	 0.0268736002056 	 4.07746945786e-07
0.025 	 2.7e-07 	 1.62e-08 	 1.05914018127e-14 	 4.55811230301e-15 	 0.0309630611064 	 0.0280420176058 	 1.32899874643e-06
0.025 	 4.4e-07 	 2.64e-08 	 1.77215840827e-14 	 7.55075052174e-15 	 0.0274578089057 	 0.023952556705 	 3.17174924541e-06
0.028 	 3.8e-08 	 2.28e-09 	 2.96213225445e-15 	 1.28121359646e-15 	 0.0251521080264 	 0.0286617044952 	 4.56470009936e-08
0.028 	 6.2e-08 	 3.72e-09 	 4.81656792991e-15 	 2.12366535713e-15 	 0.0274918390056 	 0.0257370407712 	 1.25264195951e-07
0.028 	 1e-07 	 6e-09 	 7.91605988247e-15 	 3.36376134393e-15 	 0.0251521080264 	 0.0239822425368 	 3.02158224389e-07
0.028 	 1.6e-07 	 9.6e-09 	 1.25595849932e-14 	 5.25441001171e-15 	 0.0286617044952 	 0.0222274443024 	 8.23860667357e-07
0.028 	 2.7e-07 	 1.62e-08 	 2.11587939529e-14 	 8.94527095398e-15 	 0.0193027805784 	 0.026321973516 	 1.87755624402e-06
0.028 	 4.4e-07 	 2.64e-08 	 3.48884844489e-14 	 1.47813057394e-14 	 0.017547982344 	 0.0269069062608 	 4.79924303946e-06
0.032 	 3.8e-08 	 2.28e-09 	 6.64321950757e-15 	 2.86203799198e-15 	 0.0292800428416 	 0.0263520385574 	 1.1078103151e-07
0.032 	 6.2e-08 	 3.72e-09 	 1.08371102039e-14 	 4.59376485172e-15 	 0.0275232402711 	 0.0292800428416 	 2.89788161957e-07
0.032 	 1e-07 	 6e-09 	 1.76281008836e-14 	 7.35808937923e-15 	 0.0251808368437 	 0.0304512445552 	 7.2138957627e-07
0.032 	 1.6e-07 	 9.6e-09 	 2.77286314737e-14 	 1.17355305525e-14 	 0.0245952359869 	 0.0257664377006 	 1.70100008908e-06
0.032 	 2.7e-07 	 1.62e-08 	 4.68528172633e-14 	 2.00437465954e-14 	 0.0281088411279 	 0.0240096351301 	 5.24361371683e-06
0.036 	 2.4e-08 	 1.44e-09 	 8.53364465056e-15 	 3.57859551918e-15 	 0.0287169164701 	 0.0252005593513 	 8.68948739862e-08
0.036 	 3.8e-08 	 2.28e-09 	 1.35745328887e-14 	 5.8853656072e-15 	 0.0257866188711 	 0.0216842022325 	 1.96031977543e-07
0.036 	 6.2e-08 	 3.72e-09 	 2.18654934917e-14 	 9.37891416204e-15 	 0.0222702617523 	 0.0222702617523 	 4.65921833165e-07
0.036 	 1e-07 	 6e-09 	 3.55137531075e-14 	 1.47189529287e-14 	 0.0287169164701 	 0.0234423807919 	 1.47408420342e-06
0.036 	 1.6e-07 	 9.6e-09 	 5.63963787888e-14 	 2.37289216911e-14 	 0.0293029759899 	 0.0246144998315 	 3.86494376694e-06
0.036 	 2.7e-07 	 1.62e-08 	 9.5879090573e-14 	 4.08487822212e-14 	 0.0269587379107 	 0.0222702617523 	 1.01899396815e-05
0.04 	 2.4e-08 	 1.44e-09 	 1.62124749559e-14 	 6.87855347502e-15 	 0.0287330076817 	 0.0222827406511 	 1.604723246e-07
0.04 	 3.8e-08 	 2.28e-09 	 2.52453065605e-14 	 1.08414906564e-14 	 0.0252146802105 	 0.0252146802105 	 3.73429957996e-07
0.04 	 6.2e-08 	 3.72e-09 	 4.18597327027e-14 	 1.786248627e-14 	 0.0222827406511 	 0.0281466197699 	 9.61222971138e-07
0.04 	 1e-07 	 6e-09 	 6.69775378811e-14 	 2.84388473686e-14 	 0.0316649472411 	 0.027560231858 	 3.13699114505e-06
0.04 	 1.6e-07 	 9.6e-09 	 1.06973060787e-13 	 4.55456657779e-14 	 0.0269738439461 	 0.0252146802105 	 6.97056891093e-06
0.045 	 2.4e-08 	 1.44e-09 	 3.26526415976e-14 	 1.3638003437e-14 	 0.0275740523265 	 0.0305074621484 	 3.4121775441e-07
0.045 	 3.8e-08 	 2.28e-09 	 5.16054040995e-14 	 2.20881708208e-14 	 0.0287474162552 	 0.0246406425045 	 8.32204504412e-07
0.045 	 6.2e-08 	 3.72e-09 	 8.37013715872e-14 	 3.56269812641e-14 	 0.0258140064333 	 0.0281607342909 	 2.11858071751e-06
0.045 	 1e-07 	 6e-09 	 1.3399820717e-13 	 5.74560778894e-14 	 0.0252273244689 	 0.0287474162552 	 5.43470044104e-06
0.045 	 1.6e-07 	 9.6e-09 	 2.20712640257e-13 	 9.43293052241e-14 	 0.0228805966113 	 0.0258140064333 	 1.29341736241e-05
0.051 	 1.5e-08 	 9e-10 	 4.27853084146e-14 	 1.84802749953e-14 	 0.0264117279314 	 0.0176078186209 	 2.35779863389e-07
0.051 	 2.4e-08 	 1.44e-09 	 6.81085628819e-14 	 2.87732622017e-14 	 0.0316940735177 	 0.0305202189429 	 7.87139612679e-07
0.051 	 3.8e-08 	 2.28e-09 	 1.08616977666e-13 	 4.50638722264e-14 	 0.0287594370809 	 0.0252378733567 	 1.74874700025e-06
0.051 	 6.2e-08 	 3.72e-09 	 1.78218468592e-13 	 7.53987799999e-14 	 0.0264117279314 	 0.0264117279314 	 4.485295357e-06
0.051 	 1e-07 	 6e-09 	 2.86029470658e-13 	 1.25685015035e-13 	 0.0264117279314 	 0.0246509460693 	 1.15050100537e-05
0.051 	 1.6e-07 	 9.6e-09 	 4.61973621211e-13 	 1.94844218117e-13 	 0.0275855825061 	 0.0252378733567 	 3.051866617e-05
0.057 	 1.5e-08 	 9e-10 	 8.38401782501e-14 	 3.59560196756e-14 	 0.0258323734632 	 0.0287678704476 	 5.18427363682e-07
0.057 	 2.4e-08 	 1.44e-09 	 1.32804111271e-13 	 5.60745370607e-14 	 0.0270065722569 	 0.0281807710507 	 1.3392365086e-06
0.057 	 3.8e-08 	 2.28e-09 	 2.12728234686e-13 	 8.94820995426e-14 	 0.0275936716538 	 0.0217226776849 	 3.20676048275e-06
0.057 	 6.2e-08 	 3.72e-09 	 3.47293962079e-13 	 1.48703277639e-13 	 0.0287678704476 	 0.0293549698445 	 9.61283648408e-06
0.057 	 1e-07 	 6e-09 	 5.59465363425e-13 	 2.37114207244e-13 	 0.0246581746694 	 0.0258323734632 	 2.15142668004e-05
0.064 	 1.5e-08 	 9e-10 	 1.66964512389e-13 	 7.01341868793e-14 	 0.0270131463645 	 0.0246641771154 	 1.0108862885e-06
0.064 	 2.4e-08 	 1.44e-09 	 2.65136589354e-13 	 1.12929700612e-13 	 0.0276003886768 	 0.0287748733013 	 2.73907286528e-06
0.064 	 3.8e-08 	 2.28e-09 	 4.26517186306e-13 	 1.7884486564e-13 	 0.0246641771154 	 0.0264259040523 	 6.25688973411e-06
0.064 	 6.2e-08 	 3.72e-09 	 7.01249454394e-13 	 2.98027246647e-13 	 0.0240769348032 	 0.0246641771154 	 1.62274440941e-05
0.064 	 1e-07 	 6e-09 	 1.14682526403e-12 	 4.99871648851e-13 	 0.0281876309891 	 0.0287748733013 	 5.04468331712e-05
0.072 	 9e-09 	 5.4e-10 	 2.0500309815e-13 	 8.90498232077e-14 	 0.0217322241516 	 0.0276057982466 	 6.71988772157e-07
0.072 	 1.5e-08 	 9e-10 	 3.37945788234e-13 	 1.45282898831e-13 	 0.0246690111991 	 0.0270184408371 	 1.98646114629e-06
0.072 	 2.4e-08 	 1.44e-09 	 5.50182138088e-13 	 2.37074798684e-13 	 0.0281931556561 	 0.0234942963801 	 5.46426680215e-06
0.072 	 3.8e-08 	 2.28e-09 	 8.69275875048e-13 	 3.58187836383e-13 	 0.0246690111991 	 0.0182080796946 	 1.14772829121e-05
0.072 	 6.2e-08 	 3.72e-09 	 1.40206439766e-12 	 6.08644727031e-13 	 0.0299552278846 	 0.0252563686086 	 3.84158319337e-05
0.081 	 9e-09 	 5.4e-10 	 4.1270244809e-13 	 1.77317336983e-13 	 0.0234979350893 	 0.0258477285982 	 1.38810403778e-06
0.081 	 1.5e-08 	 9e-10 	 6.96319205527e-13 	 2.91481943456e-13 	 0.0246728318437 	 0.0187983480714 	 3.67084640294e-06
0.081 	 2.4e-08 	 1.44e-09 	 1.10622978321e-12 	 4.73012506739e-13 	 0.0264351769754 	 0.0281975221071 	 1.10370368562e-05
0.081 	 3.8e-08 	 2.28e-09 	 1.75219611238e-12 	 7.57543289444e-13 	 0.0287849704844 	 0.0258477285982 	 2.87352586318e-05
0.081 	 6.2e-08 	 3.72e-09 	 2.87619539718e-12 	 1.21800646069e-12 	 0.0205606932031 	 0.0205606932031 	 5.63666791172e-05
0.092 	 5.5e-09 	 3.3e-10 	 5.4364097697e-13 	 2.32802564854e-13 	 0.0235010157824 	 0.0276136935444 	 1.1407564394e-06
0.092 	 9e-09 	 5.4e-10 	 9.02707901192e-13 	 3.78069063975e-13 	 0.0235010157824 	 0.0246760665716 	 2.96885833435e-06
0.092 	 1.5e-08 	 9e-10 	 1.48802018307e-12 	 6.23110055676e-13 	 0.024088541177 	 0.0246760665716 	 8.29766278812e-06
0.092 	 2.4e-08 	 1.44e-09 	 2.38375899126e-12 	 1.01227651832e-12 	 0.024088541177 	 0.0258511173607 	 2.16664646757e-05
0.092 	 3.8e-08 	 2.28e-09 	 3.75528651892e-12 	 1.58742621635e-12 	 0.0223259649933 	 0.0235010157824 	 4.97185334189e-05
0.1 	 5.5e-09 	 3.3e-10 	 8.98890076792e-13 	 3.79452586249e-13 	 0.0235026475094 	 0.0276156108236 	 1.8773436274e-06
0.1 	 9e-09 	 5.4e-10 	 1.48784509228e-12 	 6.11164774589e-13 	 0.03114100795 	 0.0282031770113 	 6.17898302111e-06
0.1 	 1.5e-08 	 9e-10 	 2.42327473128e-12 	 1.01418716265e-12 	 0.0229150813217 	 0.0258529122603 	 1.32433751407e-05
0.1 	 2.4e-08 	 1.44e-09 	 3.95795839559e-12 	 1.67521428142e-12 	 0.0258529122603 	 0.0205648165707 	 3.54521384613e-05
0.1 	 3.8e-08 	 2.28e-09 	 6.15639242582e-12 	 2.62109899921e-12 	 0.0293783093868 	 0.0264404784481 	 0.000102668747331
0.12 	 5.5e-09 	 3.3e-10 	 4.01756702271e-12 	 1.71069913981e-12 	 0.133747772149 	 0.125438642712 	 4.46645479657e-05
0.12 	 9e-09 	 5.4e-10 	 6.12118738477e-12 	 2.59510272483e-12 	 0.145031041103 	 0.132048263854 	 0.000119598864086
0.12 	 1.5e-08 	 9e-10 	 1.01522069979e-11 	 4.30007973354e-12 	 0.137367236109 	 0.145047058768 	 0.000326963714432
0.12 	 2.4e-08 	 1.44e-09 	 1.66828069083e-11 	 6.9209482735e-12 	 0.162939948864 	 0.130553185263 	 0.000938782884106
0.12 	 3.8e-08 	 2.28e-09 	 2.66607506486e-11 	 1.12867820244e-11 	 0.135447280444 	 0.0907070463713 	 0.00190216986721
0.13 	 3.4e-09 	 2.04e-10 	 3.32142848717e-12 	 1.36759644611e-12 	 0.0803113114588 	 0.0979802674817 	 1.47153836946e-05
0.13 	 5.5e-09 	 3.3e-10 	 5.27833434335e-12 	 2.23095563638e-12 	 0.0902768231497 	 0.0824943661497 	 3.92368201139e-05
0.13 	 9e-09 	 5.4e-10 	 8.65467915854e-12 	 3.65496507805e-12 	 0.0977494114298 	 0.0970305057182 	 0.000116701518246
0.13 	 1.5e-08 	 9e-10 	 1.41818251207e-11 	 5.96664055615e-12 	 0.093383302048 	 0.0969778306062 	 0.00030828235759
0.13 	 2.4e-08 	 1.44e-09 	 2.3092916621e-11 	 9.7975285994e-12 	 0.103322476183 	 0.0819799789339 	 0.000826645439281
0.15 	 3.4e-09 	 2.04e-10 	 1.80856459203e-11 	 8.09178387837e-12 	 0.0373669667612 	 0.0349084682877 	 3.5187950199e-05
0.15 	 5.5e-09 	 3.3e-10 	 2.81814219586e-11 	 1.17952496737e-11 	 0.043306036251 	 0.039836243672 	 0.000100404064795
0.15 	 9e-09 	 5.4e-10 	 4.58575283247e-11 	 1.97083927383e-11 	 0.0391961388778 	 0.0359591722253 	 0.000243596374252
0.15 	 1.5e-08 	 9e-10 	 7.5836183412e-11 	 3.15605203841e-11 	 0.0414676600821 	 0.0397545376024 	 0.000712706521142
0.15 	 2.4e-08 	 1.44e-09 	 1.19617159763e-10 	 5.01933752112e-11 	 0.0375137470058 	 0.0414469207193 	 0.00170233454613
0.17 	 3.4e-09 	 2.04e-10 	 8.17594002943e-11 	 3.45185312882e-11 	 0.0391035501974 	 0.0479610397579 	 0.000178188480515
0.17 	 5.5e-09 	 3.3e-10 	 1.39106101199e-10 	 6.43736604804e-11 	 0.046836330415 	 0.0452677479781 	 0.00056009863548
0.17 	 9e-09 	 5.4e-10 	 2.31614271457e-10 	 9.3461839301e-11 	 0.0477213159523 	 0.0475004024661 	 0.00150586252506
0.17 	 1.5e-08 	 9e-10 	 3.66032543846e-10 	 1.60864880724e-10 	 0.0498180760068 	 0.0409780326846 	 0.00402196807572
0.19 	 2.1e-09 	 1.26e-10 	 1.36715811437e-10 	 5.72936949904e-11 	 0.0499772297721 	 0.0526876751251 	 0.000223428597816
0.19 	 3.4e-09 	 2.04e-10 	 2.26122908255e-10 	 9.79664255849e-11 	 0.051387275131 	 0.0463962143002 	 0.000593582889711
0.19 	 5.5e-09 	 3.3e-10 	 3.79461321779e-10 	 1.6391524965e-10 	 0.0470192047539 	 0.0525833305512 	 0.00157179405278
0.19 	 9e-09 	 5.4e-10 	 5.89334839957e-10 	 2.5598717843e-10 	 0.0532166733844 	 0.048183271243 	 0.00424732306434
0.19 	 1.5e-08 	 9e-10 	 1.00395631255e-09 	 3.95537784537e-10 	 0.0402288846031 	 0.0577159010768 	 0.0102411316908
0.21 	 2.1e-09 	 1.26e-10 	 3.23332592182e-10 	 1.37210555978e-10 	 0.0597651752028 	 0.0536325878226 	 0.000605170127339
0.21 	 3.4e-09 	 2.04e-10 	 4.81238736639e-10 	 2.03653940898e-10 	 0.0441428134411 	 0.0475391534012 	 0.00113555747028
0.21 	 5.5e-09 	 3.3e-10 	 8.53327097374e-10 	 3.77941150256e-10 	 0.0557156803463 	 0.0466379301463 	 0.00387110350954
0.21 	 9e-09 	 5.4e-10 	 1.24244807902e-09 	 5.13295085645e-10 	 0.0506370211489 	 0.0460409857216 	 0.0084123179885
0.24 	 2.1e-09 	 1.26e-10 	 7.21851135019e-10 	 2.94482157096e-10 	 0.0403991035442 	 0.0552680552179 	 0.00103052465157
0.24 	 3.4e-09 	 2.04e-10 	 1.15711672297e-09 	 4.83487975803e-10 	 0.0606069889988 	 0.0619348431261 	 0.00367472140859
0.24 	 5.5e-09 	 3.3e-10 	 1.95683780448e-09 	 7.85730208108e-10 	 0.049188956552 	 0.0569154369762 	 0.0083739142803
0.24 	 9e-09 	 5.4e-10 	 3.08758194704e-09 	 1.24588383492e-09 	 0.0534912182569 	 0.0517695856799 	 0.0223227002281
0.27 	 1.3e-09 	 7.8e-11 	 1.00280362521e-09 	 4.00505935986e-10 	 0.0898312455544 	 0.0926877075143 	 0.00178595926355
0.27 	 2.1e-09 	 1.26e-10 	 1.61936105867e-09 	 6.95293288954e-10 	 0.104558315691 	 0.0988377227338 	 0.00539872157392
0.27 	 3.4e-09 	 2.04e-10 	 2.64310967797e-09 	 1.11151704742e-09 	 0.0960538502065 	 0.0981348081052 	 0.0133278681854
0.27 	 5.5e-09 	 3.3e-10 	 4.34107462056e-09 	 1.7584763392e-09 	 0.0919152983749 	 0.0839795363121 	 0.0324732194779
0.3 	 1.3e-09 	 7.8e-11 	 1.935227861e-09 	 8.39807232351e-10 	 0.130814827885 	 0.094708038547 	 0.00467100965385
0.3 	 2.1e-09 	 1.26e-10 	 3.11590145154e-09 	 1.27792368012e-09 	 0.115069789131 	 0.104304045516 	 0.0111549024571
0.3 	 3.4e-09 	 2.04e-10 	 4.92601820733e-09 	 2.12918551613e-09 	 0.108577429929 	 0.0997492551329 	 0.0274386185038
0.3 	 5.5e-09 	 3.3e-10 	 8.10848626049e-09 	 3.47574835e-09 	 0.116057260821 	 0.114656427099 	 0.0795701961712
0.34 	 1.3e-09 	 7.8e-11 	 4.04388999902e-09 	 1.72004967377e-09 	 0.119558986819 	 0.109351369442 	 0.00942888742508
0.34 	 2.1e-09 	 1.26e-10 	 5.9994185142e-09 	 2.49973123515e-09 	 0.122409563828 	 0.143627566634 	 0.0247986866302
0.34 	 3.4e-09 	 2.04e-10 	 9.91522393666e-09 	 3.88152353666e-09 	 0.120645048394 	 0.124217842493 	 0.061630008984
0.34 	 5.5e-09 	 3.3e-10 	 1.63190392946e-08 	 6.52836630635e-09 	 0.128656012285 	 0.137916867819 	 0.178194912563
0.38 	 7.9e-10 	 4.74e-11 	 4.22256907544e-09 	 1.77708521226e-09 	 0.113819922661 	 0.147746952089 	 0.00634073846426
0.38 	 1.3e-09 	 7.8e-11 	 6.9827894694e-09 	 2.73471100499e-09 	 0.117046821526 	 0.133773599884 	 0.0166113620978
0.38 	 2.1e-09 	 1.26e-10 	 1.13083630857e-08 	 4.55639148114e-09 	 0.122485382521 	 0.136360993337 	 0.0455056792338
0.38 	 3.4e-09 	 2.04e-10 	 1.91480734188e-08 	 7.79112838231e-09 	 0.124159188543 	 0.135937548781 	 0.126188873115
0.43 	 7.9e-10 	 4.74e-11 	 8.28283363162e-09 	 3.39591903799e-09 	 0.141029823389 	 0.152691361895 	 0.0143905324999
0.43 	 1.3e-09 	 7.8e-11 	 1.38219473644e-08 	 5.7485040984e-09 	 0.148826324514 	 0.145189601888 	 0.0405993647409
0.43 	 2.1e-09 	 1.26e-10 	 2.17276720961e-08 	 9.16161147779e-09 	 0.140342580344 	 0.162076658202 	 0.102835677294
0.43 	 3.4e-09 	 2.04e-10 	 3.65234889526e-08 	 1.51423676749e-08 	 0.13087176402 	 0.136440998265 	 0.251382666701
0.48 	 4.9e-10 	 2.94e-11 	 8.94081083266e-09 	 3.6501722219e-09 	 0.136119255001 	 0.154116838399 	 0.00941748185804
0.48 	 7.9e-10 	 4.74e-11 	 1.46360884611e-08 	 5.99075438021e-09 	 0.119308976795 	 0.16041719729 	 0.0230981440867
0.48 	 1.3e-09 	 7.8e-11 	 2.39766392397e-08 	 9.83713686652e-09 	 0.181957679308 	 0.124887730817 	 0.0785014495387
0.48 	 2.1e-09 	 1.26e-10 	 3.78751445077e-08 	 1.57235026532e-08 	 0.160101217964 	 0.147711540536 	 0.190203542152
0.54 	 4.9e-10 	 2.94e-11 	 1.67970347962e-08 	 6.56386337167e-09 	 0.139650514861 	 0.142186096262 	 0.0173524926959
0.54 	 7.9e-10 	 4.74e-11 	 2.73331734125e-08 	 1.14535523877e-08 	 0.122495676272 	 0.157146470255 	 0.0439234261657
0.54 	 1.3e-09 	 7.8e-11 	 4.47598715593e-08 	 1.82386521785e-08 	 0.157333601817 	 0.117394321656 	 0.128934177976
0.61 	 4.9e-10 	 2.94e-11 	 3.19052586994e-08 	 1.33974856495e-08 	 0.13487614479 	 0.147658404992 	 0.033241749088
0.61 	 7.9e-10 	 4.74e-11 	 5.05188145329e-08 	 2.11335336946e-08 	 0.132658066202 	 0.159400382598 	 0.0859208370851
0.61 	 1.3e-09 	 7.8e-11 	 8.34244052017e-08 	 3.48694225943e-08 	 0.138685383911 	 0.161785480111 	 0.241644011617
0.69 	 3e-10 	 1.8e-11 	 3.90246299463e-08 	 1.7257611093e-08 	 0.128916700037 	 0.139841232238 	 0.0241193768479
0.69 	 4.9e-10 	 2.94e-11 	 6.36834013616e-08 	 2.86073486299e-08 	 0.146342857499 	 0.150275769445 	 0.0720696431476
0.69 	 7.9e-10 	 4.74e-11 	 1.01359533029e-07 	 4.42173559818e-08 	 0.143428576186 	 0.124008342044 	 0.170820660921
0.77 	 3e-10 	 1.8e-11 	 7.14840662808e-08 	 3.26923425175e-08 	 0.171690382196 	 0.122098133737 	 0.0526979541693
0.77 	 4.9e-10 	 2.94e-11 	 1.14740532218e-07 	 5.15644179804e-08 	 0.152716579556 	 0.128044046293 	 0.127671078814
0.77 	 7.9e-10 	 4.74e-11 	 1.85775836236e-07 	 8.35503417651e-08 	 0.135297091266 	 0.142513153253 	 0.316041942404
0.87 	 3e-10 	 1.8e-11 	 1.4532713507e-07 	 6.95035105692e-08 	 0.148363508974 	 0.15783777824 	 0.105402135804
0.87 	 4.9e-10 	 2.94e-11 	 2.4327013281e-07 	 1.12977530982e-07 	 0.123133138093 	 0.143271523349 	 0.244178583851
0.98 	 1.8e-10 	 1.08e-11 	 1.91755101441e-07 	 9.30988123821e-08 	 0.168457697965 	 0.137943505615 	 0.0877618790485
0.98 	 3e-10 	 1.8e-11 	 3.14305769504e-07 	 1.48728559881e-07 	 0.164993041226 	 0.19930973201 	 0.264064257999
1.1 	 1.8e-10 	 1.08e-11 	 3.68034018781e-07 	 1.79962652055e-07 	 0.154497250857 	 0.174731129828 	 0.171665545276
1.2 	 1.8e-10 	 1.08e-11 	 5.90267741149e-07 	 2.96599204768e-07 	 0.1611371481 	 0.200828328534 	 0.300697109279
1.4 	 1.1e-10 	 6.6e-12 	 7.9465045582e-07 	 4.0873735469e-07 	 0.176730474165 	 0.207002666736 	 0.26735782503
1.7768 	 1e-09 	 6e-11 	 2.14987094437e-05 	 1.15109142073e-05 	 0.217950342626 	 0.156850320659 	 70.1043300768
1.7768 	 1e-10 	 6e-12 	 2.19583142309e-06 	 1.16848187943e-06 	 0.151975615743 	 0.188921032631 	 0.598820726733
1.7768 	 1.2e-09 	 7.2e-11 	 2.59431462996e-05 	 1.36487309378e-05 	 0.172106078252 	 0.177919302354 	 89.3377622628
1.7768 	 2e-10 	 1.2e-11 	 4.33292432644e-06 	 2.32221743322e-06 	 0.167927276618 	 0.190203732483 	 2.52571090759
1.81970085861 	 1.99526231497e-10 	 1.19715738898e-11 	 6.70319899168e-06 	 3.61593462518e-06 	 0.146460063599 	 0.120656377469 	 3.0557032239
0.014 	 1.9e-06 	 1.14e-07 	 2.32422804498e-15 	 9.70479088268e-16 	 0.0265173198617 	 0.029399637238 	 1.85016592931e-06
0.27 	 9e-09 	 5.4e-10 	 6.96782220094e-09 	 2.72808617103e-09 	 0.098326835709 	 0.101860649062 	 0.0936044297848
1.8 	 1.8e-10 	 1.08e-11 	 5.98509416687e-06 	 3.20190472043e-06 	 0.122495936941 	 0.127966556639 	 2.22177123821
1.8 	 3e-10 	 1.8e-11 	 1.00017808195e-05 	 5.35617672752e-06 	 0.135930535618 	 0.115807866464 	 6.414664827
1.81970085861 	 1.99526231497e-10 	 1.19715738898e-11 	 6.84174079701e-06 	 3.66240247547e-06 	 0.146403256238 	 0.11716594809 	 3.08312511735
1.86285 	 2e-10 	 1.2e-11 	 7.09016769991e-06 	 3.91308898441e-06 	 0.139760048261 	 0.125045370073 	 3.19730941463
